TITLE = Mesh3
ELEMENTS = 72
1	1	2	9	1.5
2	9	8	1	1.5
3	2	3	10	1.5
4	10	9	2	1.5
5	3	4	11	1.5
6	11	10	3	1.5
7	4	5	12	1.5
8	12	11	4	1.5
9	5	6	13	1.5
10	13	12	5	1.5
11	6	7	14	1.5
12	14	13	6	1.5
13	8	9	16	1.5
14	16	15	8	1.5
15	9	10	17	1.5
16	17	16	9	1.5
17	10	11	18	1.5
18	18	17	10	1.5
19	11	12	19	1.5
20	19	18	11	1.5
21	12	13	20	1.5
22	20	19	12	1.5
23	13	14	21	1.5
24	21	20	13	1.5
25	15	16	23	1.5
26	23	22	15	1.5
27	16	17	24	1.5
28	24	23	16	1.5
29	17	18	25	1.5
30	25	24	17	1.5
31	18	19	26	1.5
32	26	25	18	1.5
33	19	20	27	1.5
34	27	26	19	1.5
35	20	21	28	1.5
36	28	27	20	1.5
37	22	23	30	1.5
38	30	29	22	1.5
39	23	24	31	1.5
40	31	30	23	1.5
41	24	25	32	1.5
42	32	31	24	1.5
43	25	26	33	1.5
44	33	32	25	1.5
45	26	27	34	1.5
46	34	33	26	1.5
47	27	28	35	1.5
48	35	34	27	1.5
49	29	30	37	1.5
50	37	36	29	1.5
51	30	31	38	1.5
52	38	37	30	1.5
53	31	32	39	1.5
54	39	38	31	1.5
55	32	33	40	1.5
56	40	39	32	1.5
57	33	34	41	1.5
58	41	40	33	1.5
59	34	35	42	1.5
60	42	41	34	1.5
61	36	37	44	1.5
62	44	43	36	1.5
63	37	38	45	1.5
64	45	44	37	1.5
65	38	39	46	1.5
66	46	45	38	1.5
67	39	40	47	1.5
68	47	46	39	1.5
69	40	41	48	1.5
70	48	47	40	1.5
71	41	42	49	1.5
72	49	48	41	1.5

NODE_COORDINATES = 49
1	0.0	0.0	0.0
2	0.06666666666666667	0.0	0.0
3	0.13333333333333333	0.0	0.0
4	0.2	0.0	0.0
5	0.26666666666666666	0.0	0.0
6	0.3333333333333333	0.0	0.0
7	0.4	0.0	0.0
8	0.0	0.09999999999999999	0.0
9	0.06666666666666667	0.09999999999999999	0.0
10	0.13333333333333333	0.09999999999999999	0.0
11	0.2	0.09999999999999999	0.0
12	0.26666666666666666	0.09999999999999999	0.0
13	0.3333333333333333	0.09999999999999999	0.0
14	0.4	0.09999999999999999	0.0
15	0.0	0.19999999999999998	0.0
16	0.06666666666666667	0.19999999999999998	0.0
17	0.13333333333333333	0.19999999999999998	0.0
18	0.2	0.19999999999999998	0.0
19	0.26666666666666666	0.19999999999999998	0.0
20	0.3333333333333333	0.19999999999999998	0.0
21	0.4	0.19999999999999998	0.0
22	0.0	0.3	0.0
23	0.06666666666666667	0.3	0.0
24	0.13333333333333333	0.3	0.0
25	0.2	0.3	0.0
26	0.26666666666666666	0.3	0.0
27	0.3333333333333333	0.3	0.0
28	0.4	0.3	0.0
29	0.0	0.39999999999999997	0.0
30	0.06666666666666667	0.39999999999999997	0.0
31	0.13333333333333333	0.39999999999999997	0.0
32	0.2	0.39999999999999997	0.0
33	0.26666666666666666	0.39999999999999997	0.0
34	0.3333333333333333	0.39999999999999997	0.0
35	0.4	0.39999999999999997	0.0
36	0.0	0.49999999999999994	0.0
37	0.06666666666666667	0.49999999999999994	0.0
38	0.13333333333333333	0.49999999999999994	0.0
39	0.2	0.49999999999999994	0.0
40	0.26666666666666666	0.49999999999999994	0.0
41	0.3333333333333333	0.49999999999999994	0.0
42	0.4	0.49999999999999994	0.0
43	0.0	0.6	0.0
44	0.06666666666666667	0.6	0.0
45	0.13333333333333333	0.6	0.0
46	0.2	0.6	0.0
47	0.26666666666666666	0.6	0.0
48	0.3333333333333333	0.6	0.0
49	0.4	0.6	0.0

NODES_WITH_PRESCRIBED_TEMPERATURE = 14
1	0.000
7	180.000
8	0.000
14	180.000
15	0.000
21	180.000
22	0.000
28	180.000
29	0.000
35	180.000
36	0.000
42	180.000
43	0.000
49	180.000

EDGES_WITH_PRESCRIBED_CONVECTION = 0

EDGES_WITH_PRESCRIBED_NON_ZERO_HEAT_FLUX = 0
