TITLE = Mesh2
ELEMENTS = 144
1	1	2	9	1.5
2	9	8	1	1.5
3	2	3	10	1.5
4	10	9	2	1.5
5	3	4	11	1.5
6	11	10	3	1.5
7	4	5	12	1.5
8	12	11	4	1.5
9	5	6	13	1.5
10	13	12	5	1.5
11	6	7	14	1.5
12	14	13	6	1.5
13	8	9	16	1.5
14	16	15	8	1.5
15	9	10	17	1.5
16	17	16	9	1.5
17	10	11	18	1.5
18	18	17	10	1.5
19	11	12	19	1.5
20	19	18	11	1.5
21	12	13	20	1.5
22	20	19	12	1.5
23	13	14	21	1.5
24	21	20	13	1.5
25	15	16	23	1.5
26	23	22	15	1.5
27	16	17	24	1.5
28	24	23	16	1.5
29	17	18	25	1.5
30	25	24	17	1.5
31	18	19	26	1.5
32	26	25	18	1.5
33	19	20	27	1.5
34	27	26	19	1.5
35	20	21	28	1.5
36	28	27	20	1.5
37	22	23	30	1.5
38	30	29	22	1.5
39	23	24	31	1.5
40	31	30	23	1.5
41	24	25	32	1.5
42	32	31	24	1.5
43	25	26	33	1.5
44	33	32	25	1.5
45	26	27	34	1.5
46	34	33	26	1.5
47	27	28	35	1.5
48	35	34	27	1.5
49	29	30	37	1.5
50	37	36	29	1.5
51	30	31	38	1.5
52	38	37	30	1.5
53	31	32	39	1.5
54	39	38	31	1.5
55	32	33	40	1.5
56	40	39	32	1.5
57	33	34	41	1.5
58	41	40	33	1.5
59	34	35	42	1.5
60	42	41	34	1.5
61	36	37	44	1.5
62	44	43	36	1.5
63	37	38	45	1.5
64	45	44	37	1.5
65	38	39	46	1.5
66	46	45	38	1.5
67	39	40	47	1.5
68	47	46	39	1.5
69	40	41	48	1.5
70	48	47	40	1.5
71	41	42	49	1.5
72	49	48	41	1.5
73	43	44	51	1.5
74	51	50	43	1.5
75	44	45	52	1.5
76	52	51	44	1.5
77	45	46	53	1.5
78	53	52	45	1.5
79	46	47	54	1.5
80	54	53	46	1.5
81	47	48	55	1.5
82	55	54	47	1.5
83	48	49	56	1.5
84	56	55	48	1.5
85	50	51	58	1.5
86	58	57	50	1.5
87	51	52	59	1.5
88	59	58	51	1.5
89	52	53	60	1.5
90	60	59	52	1.5
91	53	54	61	1.5
92	61	60	53	1.5
93	54	55	62	1.5
94	62	61	54	1.5
95	55	56	63	1.5
96	63	62	55	1.5
97	57	58	65	1.5
98	65	64	57	1.5
99	58	59	66	1.5
100	66	65	58	1.5
101	59	60	67	1.5
102	67	66	59	1.5
103	60	61	68	1.5
104	68	67	60	1.5
105	61	62	69	1.5
106	69	68	61	1.5
107	62	63	70	1.5
108	70	69	62	1.5
109	64	65	72	1.5
110	72	71	64	1.5
111	65	66	73	1.5
112	73	72	65	1.5
113	66	67	74	1.5
114	74	73	66	1.5
115	67	68	75	1.5
116	75	74	67	1.5
117	68	69	76	1.5
118	76	75	68	1.5
119	69	70	77	1.5
120	77	76	69	1.5
121	71	72	79	1.5
122	79	78	71	1.5
123	72	73	80	1.5
124	80	79	72	1.5
125	73	74	81	1.5
126	81	80	73	1.5
127	74	75	82	1.5
128	82	81	74	1.5
129	75	76	83	1.5
130	83	82	75	1.5
131	76	77	84	1.5
132	84	83	76	1.5
133	78	79	86	1.5
134	86	85	78	1.5
135	79	80	87	1.5
136	87	86	79	1.5
137	80	81	88	1.5
138	88	87	80	1.5
139	81	82	89	1.5
140	89	88	81	1.5
141	82	83	90	1.5
142	90	89	82	1.5
143	83	84	91	1.5
144	91	90	83	1.5

NODE_COORDINATES = 91
1	0.0	0.0	0.0
2	0.06666666666666667	0.0	0.0
3	0.13333333333333333	0.0	0.0
4	0.2	0.0	0.0
5	0.26666666666666666	0.0	0.0
6	0.3333333333333333	0.0	0.0
7	0.4	0.0	0.0
8	0.0	0.049999999999999996	0.0
9	0.06666666666666667	0.049999999999999996	0.0
10	0.13333333333333333	0.049999999999999996	0.0
11	0.2	0.049999999999999996	0.0
12	0.26666666666666666	0.049999999999999996	0.0
13	0.3333333333333333	0.049999999999999996	0.0
14	0.4	0.049999999999999996	0.0
15	0.0	0.09999999999999999	0.0
16	0.06666666666666667	0.09999999999999999	0.0
17	0.13333333333333333	0.09999999999999999	0.0
18	0.2	0.09999999999999999	0.0
19	0.26666666666666666	0.09999999999999999	0.0
20	0.3333333333333333	0.09999999999999999	0.0
21	0.4	0.09999999999999999	0.0
22	0.0	0.15	0.0
23	0.06666666666666667	0.15	0.0
24	0.13333333333333333	0.15	0.0
25	0.2	0.15	0.0
26	0.26666666666666666	0.15	0.0
27	0.3333333333333333	0.15	0.0
28	0.4	0.15	0.0
29	0.0	0.19999999999999998	0.0
30	0.06666666666666667	0.19999999999999998	0.0
31	0.13333333333333333	0.19999999999999998	0.0
32	0.2	0.19999999999999998	0.0
33	0.26666666666666666	0.19999999999999998	0.0
34	0.3333333333333333	0.19999999999999998	0.0
35	0.4	0.19999999999999998	0.0
36	0.0	0.24999999999999997	0.0
37	0.06666666666666667	0.24999999999999997	0.0
38	0.13333333333333333	0.24999999999999997	0.0
39	0.2	0.24999999999999997	0.0
40	0.26666666666666666	0.24999999999999997	0.0
41	0.3333333333333333	0.24999999999999997	0.0
42	0.4	0.24999999999999997	0.0
43	0.0	0.3	0.0
44	0.06666666666666667	0.3	0.0
45	0.13333333333333333	0.3	0.0
46	0.2	0.3	0.0
47	0.26666666666666666	0.3	0.0
48	0.3333333333333333	0.3	0.0
49	0.4	0.3	0.0
50	0.0	0.35	0.0
51	0.06666666666666667	0.35	0.0
52	0.13333333333333333	0.35	0.0
53	0.2	0.35	0.0
54	0.26666666666666666	0.35	0.0
55	0.3333333333333333	0.35	0.0
56	0.4	0.35	0.0
57	0.0	0.39999999999999997	0.0
58	0.06666666666666667	0.39999999999999997	0.0
59	0.13333333333333333	0.39999999999999997	0.0
60	0.2	0.39999999999999997	0.0
61	0.26666666666666666	0.39999999999999997	0.0
62	0.3333333333333333	0.39999999999999997	0.0
63	0.4	0.39999999999999997	0.0
64	0.0	0.44999999999999996	0.0
65	0.06666666666666667	0.44999999999999996	0.0
66	0.13333333333333333	0.44999999999999996	0.0
67	0.2	0.44999999999999996	0.0
68	0.26666666666666666	0.44999999999999996	0.0
69	0.3333333333333333	0.44999999999999996	0.0
70	0.4	0.44999999999999996	0.0
71	0.0	0.49999999999999994	0.0
72	0.06666666666666667	0.49999999999999994	0.0
73	0.13333333333333333	0.49999999999999994	0.0
74	0.2	0.49999999999999994	0.0
75	0.26666666666666666	0.49999999999999994	0.0
76	0.3333333333333333	0.49999999999999994	0.0
77	0.4	0.49999999999999994	0.0
78	0.0	0.5499999999999999	0.0
79	0.06666666666666667	0.5499999999999999	0.0
80	0.13333333333333333	0.5499999999999999	0.0
81	0.2	0.5499999999999999	0.0
82	0.26666666666666666	0.5499999999999999	0.0
83	0.3333333333333333	0.5499999999999999	0.0
84	0.4	0.5499999999999999	0.0
85	0.0	0.6	0.0
86	0.06666666666666667	0.6	0.0
87	0.13333333333333333	0.6	0.0
88	0.2	0.6	0.0
89	0.26666666666666666	0.6	0.0
90	0.3333333333333333	0.6	0.0
91	0.4	0.6	0.0

NODES_WITH_PRESCRIBED_TEMPERATURE = 26
1	0.000
7	180.000
8	0.000
14	180.000
15	0.000
21	180.000
22	0.000
28	180.000
29	0.000
35	180.000
36	0.000
42	180.000
43	0.000
49	180.000
50	0.000
56	180.000
57	0.000
63	180.000
64	0.000
70	180.000
71	0.000
77	180.000
78	0.000
84	180.000
85	0.000
91	180.000

EDGES_WITH_PRESCRIBED_CONVECTION = 0

EDGES_WITH_PRESCRIBED_NON_ZERO_HEAT_FLUX = 0
